,et_dysfunction,descent_rate,max_pressure_diff,et_locked_percent,barotitis_percent,baromyringitis_percent
et_dysfunction,1.0,-0.5106072942115982,0.12516537141065034,0.2669912989855363,0.2669912989855363,0.17723288661553527
descent_rate,-0.5106072942115982,1.0,-0.07604434071056058,-0.1060952981736345,-0.1060952981736345,-0.0671125166638975
max_pressure_diff,0.12516537141065034,-0.07604434071056058,1.0,0.3190093024248736,0.3190093024248736,0.48494978535983346
et_locked_percent,0.2669912989855363,-0.1060952981736345,0.3190093024248736,1.0,1.0,0.7776753366315224
barotitis_percent,0.2669912989855363,-0.1060952981736345,0.3190093024248736,1.0,1.0,0.7776753366315224
baromyringitis_percent,0.17723288661553527,-0.0671125166638975,0.48494978535983346,0.7776753366315224,0.7776753366315224,1.0
