,et_dysfunction,descent_rate,max_pressure_diff,et_locked_percent,barotitis_percent,baromyringitis_percent
et_dysfunction,1.0,-0.5549538098231327,0.28979513393103923,0.9141906272044357,0.9141906272044357,0.8882667155015727
descent_rate,-0.5549538098231327,1.0,0.09579009427301576,-0.5358005608173564,-0.5358005608173564,-0.5113838975586104
max_pressure_diff,0.28979513393103923,0.09579009427301576,1.0,0.327618533958247,0.327618533958247,0.3852899277638087
et_locked_percent,0.9141906272044357,-0.5358005608173564,0.327618533958247,1.0,1.0,0.9740879453218317
barotitis_percent,0.9141906272044357,-0.5358005608173564,0.327618533958247,1.0,1.0,0.9740879453218317
baromyringitis_percent,0.8882667155015727,-0.5113838975586104,0.3852899277638087,0.9740879453218317,0.9740879453218317,1.0
